148 41 16
157 2 13
54 89 24
159 51 19
156 34 19
125 97 19
203 73 10
217 56 4
100 31 3
196 11 9
252 3 6
177 91 20
233 16 23
35 86 16
104 6 18
40 75 23
204 61 24
79 89 21
154 16 9
20 52 21
102 57 3
196 3 25
148 51 25
17 41 15
3 10 5
245 7 7
197 30 5
5 52 2
45 35 7
96 82 17
216 9 12
43 60 11
245 36 1
109 25 10
50 81 2
224 89 25
246 93 24
61 22 8
144 78 6
81 44 21
70 82 14
105 94 13
109 71 17
57 80 23
242 59 19
254 8 1
135 59 15
88 18 12
193 75 8
92 97 18
61 35 8
202 50 8
201 91 19
204 14 18
230 9 17
26 35 23
92 1 17
113 37 6
96 46 16
84 64 5
175 23 12
72 80 2
74 50 13
171 70 19
216 11 4
2 10 25
10 51 3
230 84 18
211 24 23
98 54 7
228 67 11
159 46 3
253 83 17
106 53 23
32 31 20
17 32 25
59 11 16
38 78 7
42 3 11
7 59 10
25 96 25
158 48 11
96 16 4
40 39 23
195 85 13
22 59 13
61 51 22
146 9 8
136 69 5
127 80 25
202 54 2
26 17 18
181 47 7
231 46 4
91 83 4
233 20 11
147 66 24
99 75 23
63 79 2
251 5 7
