148 41 1
157 2 8
54 89 4
159 51 9
156 34 9
125 97 9
203 73 5
217 56 9
100 31 8
196 11 4
252 3 6
177 91 5
233 16 8
35 86 1
104 6 8
40 75 8
204 61 4
79 89 1
154 16 4
20 52 6
102 57 8
196 3 10
148 51 5
17 41 10
3 10 5
245 7 7
197 30 5
5 52 7
45 35 7
96 82 7
216 9 7
43 60 1
245 36 6
109 25 10
50 81 7
224 89 10
246 93 9
61 22 8
144 78 6
81 44 1
70 82 9
105 94 3
109 71 2
57 80 3
242 59 4
254 8 6
135 59 5
88 18 7
193 75 8
92 97 8
61 35 8
202 50 8
201 91 9
204 14 8
230 9 2
26 35 8
92 1 2
113 37 1
96 46 1
84 64 10
175 23 2
72 80 7
74 50 8
171 70 9
216 11 9
2 10 10
10 51 8
230 84 8
211 24 3
98 54 7
228 67 6
159 46 3
253 83 7
106 53 3
32 31 5
17 32 5
59 11 1
38 78 7
42 3 1
7 59 10
25 96 5
158 48 1
96 16 9
40 39 8
195 85 8
22 59 8
61 51 7
146 9 8
136 69 5
127 80 5
202 54 2
26 17 3
181 47 2
231 46 4
91 83 9
233 20 6
147 66 4
99 75 3
63 79 2
251 5 2
